Extremes:     Time   Height
              8.40 14445.46
             22.30  8048.19
             45.60 33924.51
Overall path: Time   Height
              0.00   220.00
              0.10   626.21
              0.20  1024.88
              0.30  1416.08
              0.40  1799.90
              0.50  2176.39
              0.60  2545.64
              0.70  2907.71
              0.80  3262.68
              0.90  3610.61
              1.00  3951.58
              1.10  4285.66
              1.20  4612.91
              1.30  4933.42
              1.40  5247.24
              1.50  5554.44
              1.60  5855.10
              1.70  6149.29
              1.80  6437.07
              1.90  6718.51
              2.00  6993.68
              2.10  7262.65
              2.20  7525.47
              2.30  7782.23
              2.40  8032.99
              2.50  8277.81
              2.60  8516.76
              2.70  8749.91
              2.80  8977.32
              2.90  9199.05
              3.00  9415.18
              3.10  9625.76
              3.20  9830.87
              3.30 10030.56
              3.40 10224.89
              3.50 10413.94
              3.60 10597.77
              3.70 10776.43
              3.80 10950.00
              3.90 11118.53
              4.00 11282.08
              4.10 11440.72
              4.20 11594.51
              4.30 11743.51
              4.40 11887.79
              4.50 12027.39
              4.60 12162.39
              4.70 12292.84
              4.80 12418.80
              4.90 12540.34
              5.00 12657.50
              5.10 12770.35
              5.20 12878.96
              5.30 12983.37
              5.40 13083.64
              5.50 13179.84
              5.60 13272.02
              5.70 13360.24
              5.80 13444.55
              5.90 13525.01
              6.00 13601.68
              6.10 13674.61
              6.20 13743.87
              6.30 13809.49
              6.40 13871.55
              6.50 13930.09
              6.60 13985.17
              6.70 14036.85
              6.80 14085.17
              6.90 14130.20
              7.00 14171.98
              7.10 14210.57
              7.20 14246.02
              7.30 14278.38
              7.40 14307.71
              7.50 14334.06
              7.60 14357.48
              7.70 14378.02
              7.80 14395.73
              7.90 14410.67
              8.00 14422.88
              8.10 14432.41
              8.20 14439.32
              8.30 14443.66
              8.40 14445.46
              8.50 14444.79
              8.60 14441.69
              8.70 14436.21
              8.80 14428.40
              8.90 14418.31
              9.00 14405.98
              9.10 14391.46
              9.20 14374.80
              9.30 14356.05
              9.40 14335.25
              9.50 14312.44
              9.60 14287.68
              9.70 14261.01
              9.80 14232.48
              9.90 14202.13
             10.00 14170.00
             10.10 14136.14
             10.20 14100.60
             10.30 14063.41
             10.40 14024.63
             10.50 13984.29
             10.60 13942.44
             10.70 13899.12
             10.80 13854.38
             10.90 13808.25
             11.00 13760.78
             11.10 13712.01
             11.20 13661.98
             11.30 13610.73
             11.40 13558.30
             11.50 13504.74
             11.60 13450.08
             11.70 13394.37
             11.80 13337.64
             11.90 13279.93
             12.00 13221.28
             12.10 13161.73
             12.20 13101.32
             12.30 13040.09
             12.40 12978.08
             12.50 12915.31
             12.60 12851.84
             12.70 12787.69
             12.80 12722.91
             12.90 12657.53
             13.00 12591.58
             13.10 12525.11
             13.20 12458.14
             13.30 12390.72
             13.40 12322.87
             13.50 12254.64
             13.60 12186.06
             13.70 12117.16
             13.80 12047.97
             13.90 11978.53
             14.00 11908.88
             14.10 11839.04
             14.20 11769.05
             14.30 11698.94
             14.40 11628.74
             14.50 11558.49
             14.60 11488.22
             14.70 11417.95
             14.80 11347.72
             14.90 11277.56
             15.00 11207.50
             15.10 11137.57
             15.20 11067.80
             15.30 10998.22
             15.40 10928.86
             15.50 10859.74
             15.60 10790.90
             15.70 10722.37
             15.80 10654.17
             15.90 10586.33
             16.00 10518.88
             16.10 10451.84
             16.20 10385.25
             16.30 10319.13
             16.40 10253.50
             16.50 10188.39
             16.60 10123.83
             16.70 10059.85
             16.80  9996.46
             16.90  9933.70
             17.00  9871.58
             17.10  9810.14
             17.20  9749.39
             17.30  9689.36
             17.40  9630.08
             17.50  9571.56
             17.60  9513.84
             17.70  9456.92
             17.80  9400.84
             17.90  9345.62
             18.00  9291.28
             18.10  9237.84
             18.20  9185.32
             18.30  9133.74
             18.40  9083.12
             18.50  9033.49
             18.60  8984.86
             18.70  8937.26
             18.80  8890.70
             18.90  8845.20
             19.00  8800.78
             19.10  8757.46
             19.20  8715.26
             19.30  8674.19
             19.40  8634.28
             19.50  8595.54
             19.60  8557.99
             19.70  8521.64
             19.80  8486.52
             19.90  8452.63
             20.00  8420.00
             20.10  8388.64
             20.20  8358.56
             20.30  8329.78
             20.40  8302.32
             20.50  8276.19
             20.60  8251.41
             20.70  8227.98
             20.80  8205.92
             20.90  8185.25
             21.00  8165.98
             21.10  8148.12
             21.20  8131.68
             21.30  8116.68
             21.40  8103.13
             21.50  8091.04
             21.60  8080.42
             21.70  8071.29
             21.80  8063.64
             21.90  8057.50
             22.00  8052.88
             22.10  8049.78
             22.20  8048.21
             22.30  8048.19
             22.40  8049.72
             22.50  8052.81
             22.60  8057.47
             22.70  8063.71
             22.80  8071.54
             22.90  8080.96
             23.00  8091.98
             23.10  8104.61
             23.20  8118.85
             23.30  8134.72
             23.40  8152.21
             23.50  8171.34
             23.60  8192.11
             23.70  8214.52
             23.80  8238.59
             23.90  8264.30
             24.00  8291.68
             24.10  8320.72
             24.20  8351.43
             24.30  8383.81
             24.40  8417.86
             24.50  8453.59
             24.60  8491.00
             24.70  8530.10
             24.80  8570.88
             24.90  8613.34
             25.00  8657.50
             25.10  8703.35
             25.20  8750.88
             25.30  8800.11
             25.40  8851.03
             25.50  8903.64
             25.60  8957.95
             25.70  9013.94
             25.80  9071.63
             25.90  9131.01
             26.00  9192.08
             26.10  9254.84
             26.20  9319.28
             26.30  9385.40
             26.40  9453.21
             26.50  9522.69
             26.60  9593.85
             26.70  9666.69
             26.80  9741.19
             26.90  9817.35
             27.00  9895.18
             27.10  9974.66
             27.20 10055.80
             27.30 10138.58
             27.40 10223.00
             27.50 10309.06
             27.60 10396.75
             27.70 10486.06
             27.80 10576.99
             27.90 10669.54
             28.00 10763.68
             28.10 10859.42
             28.20 10956.75
             28.30 11055.66
             28.40 11156.14
             28.50 11258.19
             28.60 11361.80
             28.70 11466.95
             28.80 11573.63
             28.90 11681.85
             29.00 11791.58
             29.10 11902.82
             29.20 12015.56
             29.30 12129.78
             29.40 12245.48
             29.50 12362.64
             29.60 12481.26
             29.70 12601.31
             29.80 12722.80
             29.90 12845.70
             30.00 12970.00
             30.10 13095.69
             30.20 13222.76
             30.30 13351.19
             30.40 13480.98
             30.50 13612.09
             30.60 13744.53
             30.70 13878.27
             30.80 14013.30
             30.90 14149.61
             31.00 14287.18
             31.10 14425.99
             31.20 14566.03
             31.30 14707.28
             31.40 14849.72
             31.50 14993.34
             31.60 15138.12
             31.70 15284.04
             31.80 15431.09
             31.90 15579.24
             32.00 15728.48
             32.10 15878.79
             32.20 16030.14
             32.30 16182.53
             32.40 16335.93
             32.50 16490.31
             32.60 16645.67
             32.70 16801.98
             32.80 16959.21
             32.90 17117.35
             33.00 17276.38
             33.10 17436.27
             33.20 17597.01
             33.30 17758.56
             33.40 17920.92
             33.50 18084.04
             33.60 18247.92
             33.70 18412.53
             33.80 18577.84
             33.90 18743.83
             34.00 18910.48
             34.10 19077.76
             34.20 19245.65
             34.30 19414.11
             34.40 19583.14
             34.50 19752.69
             34.60 19922.75
             34.70 20093.29
             34.80 20264.28
             34.90 20435.69
             35.00 20607.50
             35.10 20779.68
             35.20 20952.20
             35.30 21125.04
             35.40 21298.16
             35.50 21471.54
             35.60 21645.15
             35.70 21818.96
             35.80 21992.94
             35.90 22167.05
             36.00 22341.28
             36.10 22515.59
             36.20 22689.94
             36.30 22864.32
             36.40 23038.68
             36.50 23212.99
             36.60 23387.23
             36.70 23561.36
             36.80 23735.35
             36.90 23909.17
             37.00 24082.78
             37.10 24256.15
             37.20 24429.25
             37.30 24602.04
             37.40 24774.49
             37.50 24946.56
             37.60 25118.23
             37.70 25289.45
             37.80 25460.18
             37.90 25630.41
             38.00 25800.08
             38.10 25969.16
             38.20 26137.62
             38.30 26305.42
             38.40 26472.53
             38.50 26638.89
             38.60 26804.49
             38.70 26969.27
             38.80 27133.21
             38.90 27296.26
             39.00 27458.38
             39.10 27619.54
             39.20 27779.69
             39.30 27938.81
             39.40 28096.84
             39.50 28253.74
             39.60 28409.48
             39.70 28564.02
             39.80 28717.32
             39.90 28869.32
             40.00 29020.00
             40.10 29169.31
             40.20 29317.20
             40.30 29463.65
             40.40 29608.59
             40.50 29751.99
             40.60 29893.81
             40.70 30034.01
             40.80 30172.53
             40.90 30309.33
             41.00 30444.38
             41.10 30577.62
             41.20 30709.02
             41.30 30838.51
             41.40 30966.07
             41.50 31091.64
             41.60 31215.18
             41.70 31336.64
             41.80 31455.98
             41.90 31573.14
             42.00 31688.08
             42.10 31800.75
             42.20 31911.11
             42.30 32019.11
             42.40 32124.69
             42.50 32227.81
             42.60 32328.42
             42.70 32426.48
             42.80 32521.92
             42.90 32614.70
             43.00 32704.78
             43.10 32792.10
             43.20 32876.60
             43.30 32958.24
             43.40 33036.98
             43.50 33112.74
             43.60 33185.49
             43.70 33255.17
             43.80 33321.73
             43.90 33385.12
             44.00 33445.28
             44.10 33502.16
             44.20 33555.70
             44.30 33605.86
             44.40 33652.57
             44.50 33695.79
             44.60 33735.46
             44.70 33771.52
             44.80 33803.92
             44.90 33832.59
             45.00 33857.50
             45.10 33878.58
             45.20 33895.76
             45.30 33909.01
             45.40 33918.26
             45.50 33923.44
             45.60 33924.51
             45.70 33921.41
             45.80 33914.08
             45.90 33902.45
             46.00 33886.48
             46.10 33866.10
             46.20 33841.25
             46.30 33811.87
             46.40 33777.91
             46.50 33739.29
             46.60 33695.97
             46.70 33647.88
             46.80 33594.96
             46.90 33537.15
             47.00 33474.38
             47.10 33406.60
             47.20 33333.74
             47.30 33255.74
             47.40 33172.53
             47.50 33084.06
             47.60 32990.26
             47.70 32891.07
             47.80 32786.42
             47.90 32676.24
             48.00 32560.48

